version https://git-lfs.github.com/spec/v1
oid sha256:1a867497f96d55cd381945eb86a47b979f96c1bae5b9e1cff0ff649d6b001b38
size 14729433
